25725811
26880489
28898956
30949419
31055126
31147818
31408651
31446235
31562074
31984436
32250857
32331463
32405246
32593390
32622121
32623278
32699460
32750901
32750929
32789526
32875668
32946403
32998329
33166787
33250530
33250854
33348218
33351771
33359887
33434807
33544895
33550004
33840037
34042552
34237382
34274419
34413933
34465780
34522872
34656864
34726267
34734373
34874934
34891409
34892044
35141290
35194472
35219940
35259635
35286891
35445285
35636355
35655832
35709559
35835438
35836126
35877795
35884859
35905661
35969555
35994557
36085793
36086224
36086459
36103772
36303270
36408399
36588559
36641063
36709349
36709517
36919485
37018684
37023842
37028068
37104108
37178072
37187138
37216251
37227913
37349335
37364366
37405831
37430892
37438494
37440929
37441141
37495634
37496183
37497802
37631706
37637435
37684278
37695969
37796668
37879913
37944321
37977237
37993491
38015677
38025953
38029622
38066222
38083195
38083203
38098015
38203004
38225576
38231823
38339474
38360080
38411839
38428251
38447316
38471292
38478458
38481280
38487204
38553158
38575723
38605171
38700961
38757143
38838679
38870112
38884852
39001013
39123879
39142567
39160216
39174828
39186838
39190512
39207594
39253820
39281477
39392730
39409425
39437291
39469440
39473085
39500028
39555263
39566710
39599360
39642013
39664552
39687094
39687520
39687602
39724784
39728900
39736665
39796842
39796885
39802081
39829439
39851329
39893390
39896182
39935533
39946787
39952991
40018289
40030550
40030780
40038135
40039359
40039387
40039859
40204818
40208770
40252095
40256415
40274133
40281992
40299263
40324320
40343821
40344874
40355495
40363359
40367539
40409035
40434852
40434859
40538965
40570079
40573496
40584836
40594203
40595390
40595746
40628146
40648318
40706732
40758568
40763060
40800688
40818205
40819395
40834883
40844953
40846738
40915095
40917150
40941415
41005243
41021932
41044308
41056153
41069080
41069408
41070149
41127561
41148561
41150519
41152471
41154218
41158574
41161262
41173916
41177636
41207868
41223545
41224975
41231696
41231925
41274941
41280444
41284445
41293116
41314731
41326877
41336083
41336327
41336364
41337353
41343583
41345079
41374604
41385043
41386531
41388069
41401501
41420938
41429624
41463635
41464185
41474064
41484164
41529302
41547064
41571746
41595989
41600297
41602172
41610682
41633129
41643590
41645153
41652139
41655642
41658404
41669460
41672614
41695222
41725855
41734192
41751344
41756517
41762798
41764268
41772752
41776307
41777303
41779656
41786840
41813833
41814442
41835134
41847548
41855851
41872275
41876774
41883314
41907297
41912593
41922425
41926489
41929585
41957071
41957440
41999922
42031870
42032765
42041424
42041449
42063993
42084623
42122589
42156469
42183933
42198080
42224114
42226297
42226704
42232896
42236786
42237270
42247549
42269199
42274865
42289546
42294079
42295582
42315816
42315945
42330981
42344184
42344846
42353490
42366434
42368832
42374109
42386878
42391081
42393483
42398341
42406767
42407006
42410361
42418380
42425162
42432514
42432732
42433532
42443195
42454147
42456718
42460131
42460342
42474602
42486235
42497882
42510403
42512520
42516350
42522906
42524712
42548576
42561739
42576121
42594013
42604955
42626002
42649750
42667695
42690533
42694253
42707129
42711623
42712913
